#str                            Ep       Eb        Evdw     Ehb     Elp       Eangle   Etors    Eelectro
co2.dimer_1                    259.2722   0.0000 269.5173   0.0000   0.0000   0.0000   0.0000 -10.2450
co2.dimer_10                   256.8693   0.0000 267.1858   0.0000   0.0000   0.0000   0.0000 -10.3165
co2.dimer_11                   256.8803   0.0000 267.2024   0.0000   0.0000   0.0000   0.0000 -10.3221
co2.dimer_12                   257.1168   0.0000 267.4555   0.0000   0.0000   0.0000   0.0000 -10.3387
co2.dimer_13                   257.0285   0.0000 267.3651   0.0000   0.0000   0.0000   0.0000 -10.3366
co2.dimer_14                   257.0201   0.0000 267.3543   0.0000   0.0000   0.0000   0.0000 -10.3343
co2.dimer_15                   256.9811   0.0000 267.3129   0.0000   0.0000   0.0000   0.0000 -10.3319
co2.dimer_16                   256.9968   0.0000 267.3262   0.0000   0.0000   0.0000   0.0000 -10.3294
co2.dimer_17                   257.0302   0.0000 267.3572   0.0000   0.0000   0.0000   0.0000 -10.3270
co2.dimer_18                   257.0708   0.0000 267.3954   0.0000   0.0000   0.0000   0.0000 -10.3246
co2.dimer_19                   257.1462   0.0000 267.4685   0.0000   0.0000   0.0000   0.0000 -10.3223
co2.dimer_2                    258.5447   0.0000 268.7996   0.0000   0.0000   0.0000   0.0000 -10.2549
co2.dimer_20                   257.1391   0.0000 267.4591   0.0000   0.0000   0.0000   0.0000 -10.3200
co2.dimer_21                   257.1871   0.0000 267.5049   0.0000   0.0000   0.0000   0.0000 -10.3179
co2.dimer_3                    258.0460   0.0000 268.3106   0.0000   0.0000   0.0000   0.0000 -10.2645
co2.dimer_4                    257.7248   0.0000 268.0007   0.0000   0.0000   0.0000   0.0000 -10.2760
co2.dimer_5                    257.3912   0.0000 267.6764   0.0000   0.0000   0.0000   0.0000 -10.2852
co2.dimer_6                    257.2279   0.0000 267.5199   0.0000   0.0000   0.0000   0.0000 -10.2920
co2.dimer_7                    257.0406   0.0000 267.3404   0.0000   0.0000   0.0000   0.0000 -10.2998
co2.dimer_8                    256.9547   0.0000 267.2606   0.0000   0.0000   0.0000   0.0000 -10.3059
co2.dimer_9                    256.9094   0.0000 267.2205   0.0000   0.0000   0.0000   0.0000 -10.3111
