param[0]	param[1]	param[2]	error
0.067181	3.859561	0.450389	31.5458591637
0.067181	3.859561	0.450389	31.5458591637
0.067181	3.859561	0.450389	31.5458825655
0.067181	3.859561	0.450389	31.5458647932
0.067181	3.859561	0.450389	31.5458409905
0.000001	0.000000	100.000000	15.2446628583
0.033586	1.929525	50.231793	15.2456708016
0.050379	2.894287	25.347691	15.2471164053
0.058776	3.376668	12.905640	15.2475789587
0.062974	3.617859	6.684619	15.2378329265
0.065073	3.738453	3.574119	15.1708313629
0.066122	3.798749	2.018910	14.8383645947
0.066647	3.828891	1.241471	13.5322940436
0.066909	3.843938	0.853358	9.95899645491
0.067039	3.851395	0.661007	4.40311656958
0.067039	3.851395	0.661007	4.40311656958
0.067039	3.851395	0.661007	4.40311492441
0.067039	3.851395	0.661007	4.40311623536
0.067039	3.851395	0.661007	4.40311716552
56.503606	10.458080	78.066795	9.82380874175
28.238813	7.149293	39.300110	9.69016864915
14.107634	5.495042	19.918438	9.46106675252
7.044135	4.668161	10.230469	9.10540809984
3.515637	4.255102	5.390945	8.56789916762
1.756273	4.049144	2.977882	7.54848330551
0.885462	3.947203	1.783519	5.54672802886
0.466653	3.898176	1.209099	3.31717218816
0.276636	3.875932	0.948481	2.26386050889
0.276636	3.875932	0.948481	2.26386050889
0.276636	3.875932	0.948481	2.26386013687
0.276636	3.875932	0.948481	2.26386021289
0.276636	3.875932	0.948481	2.26386084629
0.860517	16.505528	5.736171	1608.85694206
0.335024	5.138891	1.427250	36.0702925353
0.285896	4.076240	1.024415	0.787827757204
0.285896	4.076240	1.024415	0.787827757204
0.285896	4.076240	1.024415	0.787827621949
0.285896	4.076240	1.024415	0.787827694023
0.285896	4.076240	1.024415	0.787827865052
0.288241	4.111950	1.038139	0.754138271244
0.288241	4.111950	1.038139	0.754138271244
0.288241	4.111950	1.038139	0.754138204859
0.288241	4.111950	1.038139	0.754138259876
0.288241	4.111950	1.038139	0.754138319192
0.288073	4.107895	1.036048	0.751512182502
0.288073	4.107895	1.036048	0.751512182502
0.288073	4.107895	1.036048	0.751512110418
0.288073	4.107895	1.036048	0.751512166879
0.288073	4.107895	1.036048	0.751512235426
0.287527	4.087196	1.023403	0.734460587169
0.287527	4.087196	1.023403	0.734460587169
0.287527	4.087196	1.023403	0.734460495354
0.287527	4.087196	1.023403	0.734460556085
0.287527	4.087196	1.023403	0.734460657909
0.286287	4.030765	0.984338	0.688377548982
0.286287	4.030765	0.984338	0.688377548982
0.286287	4.030765	0.984338	0.688377422595
0.286287	4.030765	0.984338	0.688377487117
0.286287	4.030765	0.984338	0.688377654374
0.282808	3.932450	0.907080	0.598971006622
0.282808	3.932450	0.907080	0.598971006622
0.282808	3.932450	0.907080	0.598970850255
0.282808	3.932450	0.907080	0.598970907517
0.282808	3.932450	0.907080	0.598971153268
0.262256	3.622351	0.637476	0.232508945193
0.262256	3.622351	0.637476	0.232508945193
0.262256	3.622351	0.637476	0.232508876805
0.262256	3.622351	0.637476	0.232508862061
0.262256	3.622351	0.637476	0.232509059936
0.188827	2.928290	0.000000	nan
0.254913	3.552945	0.573728	0.241417961953
0.258999	3.591568	0.609202	0.212043475549
0.258999	3.591568	0.609202	0.212043475549
0.258999	3.591568	0.609202	0.21204345459
0.258999	3.591568	0.609202	0.212043434641
0.258999	3.591568	0.609202	0.212043526082
0.255629	3.610354	0.617489	0.198655230426
0.255629	3.610354	0.617489	0.198655230426
0.255629	3.610354	0.617489	0.198655230095
0.255629	3.610354	0.617489	0.198655217985
0.255629	3.610354	0.617489	0.198655243692
0.252979	3.637524	0.633486	0.194430416232
0.252979	3.637524	0.633486	0.194430416232
0.252979	3.637524	0.633486	0.194430420462
0.252979	3.637524	0.633486	0.194430415684
0.252979	3.637524	0.633486	0.194430417668
0.251844	3.635565	0.630816	0.194082506073
0.251844	3.635565	0.630816	0.194082506073
0.251845	3.635565	0.630816	0.194082516088
0.251844	3.635565	0.630816	0.194082511082
0.251844	3.635565	0.630816	0.194082499172
0.250080	3.633926	0.628169	0.193629409281
0.250080	3.633926	0.628169	0.193629409281
0.250080	3.633926	0.628169	0.193629422739
0.250080	3.633926	0.628169	0.193629417656
0.250080	3.633926	0.628169	0.193629397345
0.239207	3.625786	0.614124	0.191247903818
0.239207	3.625786	0.614124	0.191247903818
0.239207	3.625786	0.614124	0.191247929867
0.239207	3.625786	0.614124	0.191247924195
0.239207	3.625786	0.614124	0.191247873495
0.217451	3.615974	0.591559	0.186441263709
0.217451	3.615974	0.591559	0.186441263709
0.217451	3.615974	0.591559	0.186441301503
0.217451	3.615974	0.591559	0.186441294441
0.217451	3.615974	0.591559	0.186441216702
0.076001	3.580582	0.466233	0.741407620127
0.203306	3.612435	0.579027	0.182740974273
0.203306	3.612435	0.579027	0.182740974273
0.203306	3.612435	0.579027	0.182741012106
0.203306	3.612435	0.579027	0.182741004743
0.203306	3.612435	0.579027	0.182740927444
0.000000	3.570477	0.405126	15.2446628493
0.182976	3.608239	0.561636	0.177340020327
0.182976	3.608239	0.561636	0.177340020327
0.182976	3.608239	0.561636	0.177340046395
0.182976	3.608239	0.561636	0.177340041428
0.182976	3.608239	0.561636	0.177339988916
-0.000000	3.542843	0.385729	15.2446628493
0.164678	3.601700	0.544046	0.174185496288
0.164678	3.601700	0.544046	0.174185496288
0.164678	3.601700	0.544046	0.174185502165
0.164678	3.601700	0.544046	0.174185503259
0.164678	3.601700	0.544046	0.174185488866
0.144988	3.581982	0.516801	0.173437925914
0.144988	3.581982	0.516801	0.173437925914
0.144988	3.581982	0.516801	0.173437925659
0.144988	3.581982	0.516801	0.173437927377
0.144988	3.581982	0.516801	0.173437923614
0.156261	3.587808	0.528982	0.172945682348
0.156261	3.587808	0.528982	0.172945682348
0.156261	3.587808	0.528982	0.172945695865
0.156261	3.587808	0.528982	0.172945692535
0.156261	3.587808	0.528982	0.172945665373
0.155779	3.589717	0.530003	0.172812712203
0.155779	3.589717	0.530003	0.172812712203
0.155779	3.589717	0.530003	0.172812716882
0.155779	3.589717	0.530003	0.172812717123
0.155779	3.589717	0.530003	0.172812705616
0.154714	3.587406	0.527885	0.172682326535
0.154714	3.587406	0.527885	0.172682326535
0.154714	3.587406	0.527885	0.172682330553
0.154714	3.587406	0.527885	0.172682330728
0.154714	3.587406	0.527885	0.172682320638
0.155433	3.583231	0.526318	0.172426310004
0.155433	3.583231	0.526318	0.172426310004
0.155433	3.583231	0.526318	0.172426312827
0.155433	3.583231	0.526318	0.172426312641
0.155433	3.583231	0.526318	0.172426305704
0.158723	3.581010	0.528017	0.17226753305
0.158723	3.581010	0.528017	0.17226753305
0.158723	3.581010	0.528017	0.172267533035
0.158723	3.581010	0.528017	0.172267533106
0.158723	3.581010	0.528017	0.17226753272
0.160613	3.581532	0.529893	0.172242562787
0.160613	3.581532	0.529893	0.172242562787
0.160613	3.581532	0.529893	0.172242562285
0.160613	3.581532	0.529893	0.172242562397
0.160613	3.581532	0.529893	0.172242563335
0.161139	3.582147	0.530641	0.17223911303
0.161139	3.582147	0.530641	0.17223911303
0.161139	3.582147	0.530641	0.172239112966
0.161139	3.582147	0.530641	0.172239112981
0.161139	3.582147	0.530641	0.172239113103
0.161139	3.582147	0.530641	0.17223911303
